0.030000
6.030000
12.030000
18.030000
24.030000
30.030000
36.030000
42.030000
48.030000
54.030000
60.030000
66.030000
72.030000
78.030000
84.030000
90.030000
96.030000
102.030000
108.030000
114.030000
120.030000
126.030000
132.030000
138.030000
144.030000
150.030000
156.030000
162.030000
168.030000
174.030000
180.030000
186.030000
192.030000
198.030000
204.030000
210.030000
216.030000
222.030000
228.030000
234.030000
240.030000
246.030000
252.030000
258.030000
264.030000
270.030000
276.030000
282.030000
288.030000
294.030000
300.030000
306.030000
312.030000
318.030000
324.030000
330.030000
336.030000
342.030000
348.030000
354.030000
360.030000
366.030000
372.030000
378.030000
384.030000
390.030000
396.030000
402.030000
408.030000
414.030000
420.030000
426.030000
432.030000
438.030000
444.030000
450.030000
456.030000
462.030000
468.030000
474.030000
480.030000
486.030000
492.030000
498.030000
504.030000
510.030000
516.030000
522.030000
528.030000
534.030000
540.030000
546.030000
552.030000
558.030000
564.030000
570.030000
576.030000
582.030000
588.030000
594.030000
600.030000
606.030000
612.030000
618.030000
624.030000
630.030000
636.030000
642.030000
648.030000
654.030000
660.030000
666.030000
672.030000
678.030000
684.030000
690.030000
696.030000
702.030000
708.030000
714.030000
720.030000
726.030000
732.030000
738.030000
744.030000
750.030000
756.030000
762.030000
768.030000
774.030000
780.030000
786.030000
792.030000
798.030000
804.030000
810.030000
816.030000
822.030000
828.030000
834.030000
840.030000
846.030000
852.030000
858.030000
864.030000
870.030000
876.030000
882.030000
888.030000
894.030000
900.030000
906.030000
912.030000
918.030000
924.030000
930.030000
936.030000
942.030000
948.030000
954.030000
960.030000
966.030000
972.030000
978.030000
984.030000
990.030000
996.030000
