0.040000
4.040000
8.040000
12.040000
16.040000
20.040000
24.040000
28.040000
32.040000
36.040000
40.040000
44.040000
48.040000
52.040000
56.040000
60.040000
64.040000
68.040000
72.040000
76.040000
80.040000
84.040000
88.040000
92.040000
96.040000
100.040000
104.040000
108.040000
112.040000
116.040000
120.040000
124.040000
128.040000
132.040000
136.040000
140.040000
144.040000
148.040000
152.040000
156.040000
160.040000
164.040000
168.040000
172.040000
176.040000
180.040000
184.040000
188.040000
192.040000
196.040000
200.040000
204.040000
208.040000
212.040000
216.040000
220.040000
224.040000
228.040000
232.040000
236.040000
240.040000
244.040000
248.040000
252.040000
256.040000
260.040000
264.040000
268.040000
272.040000
276.040000
280.040000
284.040000
288.040000
292.040000
296.040000
300.040000
304.040000
308.040000
312.040000
316.040000
320.040000
324.040000
328.040000
332.040000
336.040000
340.040000
344.040000
348.040000
352.040000
356.040000
360.040000
364.040000
368.040000
372.040000
376.040000
380.040000
384.040000
388.040000
392.040000
396.040000
400.040000
404.040000
408.040000
412.040000
416.040000
420.040000
424.040000
428.040000
432.040000
436.040000
440.040000
444.040000
448.040000
452.040000
456.040000
460.040000
464.040000
468.040000
472.040000
476.040000
480.040000
484.040000
488.040000
492.040000
496.040000
500.040000
504.040000
508.040000
512.040000
516.040000
520.040000
524.040000
528.040000
532.040000
536.040000
540.040000
544.040000
548.040000
552.040000
556.040000
560.040000
564.040000
568.040000
572.040000
576.040000
580.040000
584.040000
588.040000
592.040000
596.040000
600.040000
604.040000
608.040000
612.040000
616.040000
620.040000
624.040000
628.040000
632.040000
636.040000
640.040000
644.040000
648.040000
652.040000
656.040000
660.040000
664.040000
668.040000
672.040000
676.040000
680.040000
684.040000
688.040000
692.040000
696.040000
700.040000
704.040000
708.040000
712.040000
716.040000
720.040000
724.040000
728.040000
732.040000
736.040000
740.040000
744.040000
748.040000
752.040000
756.040000
760.040000
764.040000
768.040000
772.040000
776.040000
780.040000
784.040000
788.040000
792.040000
796.040000
800.040000
804.040000
808.040000
812.040000
816.040000
820.040000
824.040000
828.040000
832.040000
836.040000
840.040000
844.040000
848.040000
852.040000
856.040000
860.040000
864.040000
868.040000
872.040000
876.040000
880.040000
884.040000
888.040000
892.040000
896.040000
900.040000
904.040000
908.040000
912.040000
916.040000
920.040000
924.040000
928.040000
932.040000
936.040000
940.040000
944.040000
948.040000
952.040000
956.040000
960.040000
964.040000
968.040000
972.040000
976.040000
980.040000
984.040000
988.040000
992.040000
996.040000
1000.040000
