0.020000
4.020000
8.020000
12.020000
16.020000
20.020000
24.020000
28.020000
32.020000
36.020000
40.020000
44.020000
48.020000
52.020000
56.020000
60.020000
64.020000
68.020000
72.020000
76.020000
80.020000
84.020000
88.020000
92.020000
96.020000
100.020000
104.020000
108.020000
112.020000
116.020000
120.020000
124.020000
128.020000
132.020000
136.020000
140.020000
144.020000
148.020000
152.020000
156.020000
160.020000
164.020000
168.020000
172.020000
176.020000
180.020000
184.020000
188.020000
192.020000
196.020000
200.020000
204.020000
208.020000
212.020000
216.020000
220.020000
224.020000
228.020000
232.020000
236.020000
240.020000
244.020000
248.020000
252.020000
256.020000
260.020000
264.020000
268.020000
272.020000
276.020000
280.020000
284.020000
288.020000
292.020000
296.020000
300.020000
304.020000
308.020000
312.020000
316.020000
320.020000
324.020000
328.020000
332.020000
336.020000
340.020000
344.020000
348.020000
352.020000
356.020000
360.020000
364.020000
368.020000
372.020000
376.020000
380.020000
384.020000
388.020000
392.020000
396.020000
400.020000
404.020000
408.020000
412.020000
416.020000
420.020000
424.020000
428.020000
432.020000
436.020000
440.020000
444.020000
448.020000
452.020000
456.020000
460.020000
464.020000
468.020000
472.020000
476.020000
480.020000
484.020000
488.020000
492.020000
496.020000
500.020000
504.020000
508.020000
512.020000
516.020000
520.020000
524.020000
528.020000
532.020000
536.020000
540.020000
544.020000
548.020000
552.020000
556.020000
560.020000
564.020000
568.020000
572.020000
576.020000
580.020000
584.020000
588.020000
592.020000
596.020000
600.020000
604.020000
608.020000
612.020000
616.020000
620.020000
624.020000
628.020000
632.020000
636.020000
640.020000
644.020000
648.020000
652.020000
656.020000
660.020000
664.020000
668.020000
672.020000
676.020000
680.020000
684.020000
688.020000
692.020000
696.020000
700.020000
704.020000
708.020000
712.020000
716.020000
720.020000
724.020000
728.020000
732.020000
736.020000
740.020000
744.020000
748.020000
752.020000
756.020000
760.020000
764.020000
768.020000
772.020000
776.020000
780.020000
784.020000
788.020000
792.020000
796.020000
800.020000
804.020000
808.020000
812.020000
816.020000
820.020000
824.020000
828.020000
832.020000
836.020000
840.020000
844.020000
848.020000
852.020000
856.020000
860.020000
864.020000
868.020000
872.020000
876.020000
880.020000
884.020000
888.020000
892.020000
896.020000
900.020000
904.020000
908.020000
912.020000
916.020000
920.020000
924.020000
928.020000
932.020000
936.020000
940.020000
944.020000
948.020000
952.020000
956.020000
960.020000
964.020000
968.020000
972.020000
976.020000
980.020000
984.020000
988.020000
992.020000
996.020000
1000.020000
