0.050000
5.050000
10.050000
15.050000
20.050000
25.050000
30.050000
35.050000
40.050000
45.050000
50.050000
55.050000
60.050000
65.050000
70.050000
75.050000
80.050000
85.050000
90.050000
95.050000
100.050000
105.050000
110.050000
115.050000
120.050000
125.050000
130.050000
135.050000
140.050000
145.050000
150.050000
155.050000
160.050000
165.050000
170.050000
175.050000
180.050000
185.050000
190.050000
195.050000
200.050000
205.050000
210.050000
215.050000
220.050000
225.050000
230.050000
235.050000
240.050000
245.050000
250.050000
255.050000
260.050000
265.050000
270.050000
275.050000
280.050000
285.050000
290.050000
295.050000
300.050000
305.050000
310.050000
315.050000
320.050000
325.050000
330.050000
335.050000
340.050000
345.050000
350.050000
355.050000
360.050000
365.050000
370.050000
375.050000
380.050000
385.050000
390.050000
395.050000
400.050000
405.050000
410.050000
415.050000
420.050000
425.050000
430.050000
435.050000
440.050000
445.050000
450.050000
455.050000
460.050000
465.050000
470.050000
475.050000
480.050000
485.050000
490.050000
495.050000
500.050000
505.050000
510.050000
515.050000
520.050000
525.050000
530.050000
535.050000
540.050000
545.050000
550.050000
555.050000
560.050000
565.050000
570.050000
575.050000
580.050000
585.050000
590.050000
595.050000
600.050000
605.050000
610.050000
615.050000
620.050000
625.050000
630.050000
635.050000
640.050000
645.050000
650.050000
655.050000
660.050000
665.050000
670.050000
675.050000
680.050000
685.050000
690.050000
695.050000
700.050000
705.050000
710.050000
715.050000
720.050000
725.050000
730.050000
735.050000
740.050000
745.050000
750.050000
755.050000
760.050000
765.050000
770.050000
775.050000
780.050000
785.050000
790.050000
795.050000
800.050000
805.050000
810.050000
815.050000
820.050000
825.050000
830.050000
835.050000
840.050000
845.050000
850.050000
855.050000
860.050000
865.050000
870.050000
875.050000
880.050000
885.050000
890.050000
895.050000
900.050000
905.050000
910.050000
915.050000
920.050000
925.050000
930.050000
935.050000
940.050000
945.050000
950.050000
955.050000
960.050000
965.050000
970.050000
975.050000
980.050000
985.050000
990.050000
995.050000
1000.050000
